+-----------------------------------------------------------------------------------------------------------------------------------------------------------------------------------------------------------------------+
; Legal Partition Candidates                                                                                                                                                                                            ;
+------------------+-------+----------------+--------------+----------------+--------+-----------------+---------------+-----------------+-------+----------------+--------------+------------------+-------------------+
; Hierarchy        ; Input ; Constant Input ; Unused Input ; Floating Input ; Output ; Constant Output ; Unused Output ; Floating Output ; Bidir ; Constant Bidir ; Unused Bidir ; Input only Bidir ; Output only Bidir ;
+------------------+-------+----------------+--------------+----------------+--------+-----------------+---------------+-----------------+-------+----------------+--------------+------------------+-------------------+
; state_controller ; 11    ; 23             ; 1            ; 23             ; 27     ; 23              ; 23            ; 23              ; 0     ; 0              ; 0            ; 0                ; 0                 ;
; tr0              ; 18    ; 0              ; 0            ; 0              ; 16     ; 0               ; 0             ; 0               ; 16    ; 0              ; 0            ; 0                ; 0                 ;
; memory_subsystem ; 75    ; 4              ; 5            ; 4              ; 32     ; 4               ; 4             ; 4               ; 0     ; 0              ; 0            ; 0                ; 0                 ;
; comb_43|mar_zext ; 16    ; 4              ; 0            ; 4              ; 20     ; 4               ; 4             ; 4               ; 0     ; 0              ; 0            ; 0                ; 0                 ;
; comb_43|marmux   ; 17    ; 0              ; 0            ; 0              ; 16     ; 0               ; 0             ; 0               ; 0     ; 0              ; 0            ; 0                ; 0                 ;
; comb_43|mar_reg  ; 18    ; 0              ; 0            ; 0              ; 16     ; 0               ; 0             ; 0               ; 0     ; 0              ; 0            ; 0                ; 0                 ;
; comb_43|mdr_reg  ; 18    ; 16             ; 0            ; 16             ; 16     ; 16              ; 16            ; 16              ; 0     ; 0              ; 0            ; 0                ; 0                 ;
; comb_43|mdr_mux  ; 17    ; 0              ; 0            ; 0              ; 16     ; 0               ; 0             ; 0               ; 0     ; 0              ; 0            ; 0                ; 0                 ;
; comb_43|ir_reg   ; 18    ; 0              ; 0            ; 0              ; 16     ; 0               ; 0             ; 0               ; 0     ; 0              ; 0            ; 0                ; 0                 ;
; comb_43|pc_reg   ; 18    ; 0              ; 0            ; 0              ; 16     ; 0               ; 0             ; 0               ; 0     ; 0              ; 0            ; 0                ; 0                 ;
; comb_43|pcmux    ; 66    ; 48             ; 0            ; 48             ; 16     ; 48              ; 48            ; 48              ; 0     ; 0              ; 0            ; 0                ; 0                 ;
; comb_43          ; 25    ; 20             ; 0            ; 20             ; 52     ; 20              ; 20            ; 20              ; 0     ; 0              ; 0            ; 0                ; 0                 ;
; hex_drivers[3]   ; 4     ; 0              ; 0            ; 0              ; 7      ; 0               ; 0             ; 0               ; 0     ; 0              ; 0            ; 0                ; 0                 ;
; hex_drivers[2]   ; 4     ; 0              ; 0            ; 0              ; 7      ; 0               ; 0             ; 0               ; 0     ; 0              ; 0            ; 0                ; 0                 ;
; hex_drivers[1]   ; 4     ; 0              ; 0            ; 0              ; 7      ; 0               ; 0             ; 0               ; 0     ; 0              ; 0            ; 0                ; 0                 ;
; hex_drivers[0]   ; 4     ; 0              ; 0            ; 0              ; 7      ; 0               ; 0             ; 0               ; 0     ; 0              ; 0            ; 0                ; 0                 ;
+------------------+-------+----------------+--------------+----------------+--------+-----------------+---------------+-----------------+-------+----------------+--------------+------------------+-------------------+
